t # 0
v 0 6
v 1 6
v 2 6
v 3 6
v 4 6
v 5 6
v 6 6
e 0 1 1
e 0 5 1
e 1 2 1
e 2 3 1
e 3 4 1
e 4 5 1
e 5 6 1

Support: 40
where: [0, 2, 3, 4, 5, 6, 7, 8, 9, 10, 11, 12, 13, 14, 15, 17, 19, 20, 21, 22, 23, 24, 26, 28, 29, 30, 31, 32, 33, 34, 36, 38, 39, 40, 41, 44, 48, 49, 50, 51]

-----------------

t # 1
v 0 6
v 1 6
v 2 6
v 3 6
v 4 6
v 5 6
v 6 6
e 0 1 1
e 1 2 1
e 2 3 1
e 3 4 1
e 4 5 1
e 5 6 1

Support: 46
where: [0, 1, 2, 3, 4, 5, 6, 7, 8, 9, 10, 11, 12, 13, 14, 15, 16, 17, 19, 20, 21, 22, 23, 24, 25, 26, 28, 29, 30, 31, 32, 33, 34, 36, 37, 38, 39, 40, 41, 44, 45, 46, 48, 49, 50, 51]

-----------------

t # 2
v 0 6
v 1 6
v 2 6
v 3 6
v 4 6
v 5 6
v 6 6
v 7 6
e 0 1 1
e 1 2 1
e 2 3 1
e 3 4 1
e 4 5 1
e 5 6 1
e 6 7 1

Support: 38
where: [0, 1, 2, 3, 4, 6, 7, 8, 9, 10, 11, 12, 13, 14, 15, 16, 17, 20, 21, 24, 25, 28, 29, 31, 32, 34, 36, 37, 39, 40, 41, 44, 45, 46, 48, 49, 50, 51]

-----------------

t # 3
v 0 6
v 1 6
v 2 6
v 3 6
v 4 6
v 5 6
v 6 6
v 7 6
e 0 1 1
e 1 2 1
e 2 3 1
e 3 4 1
e 4 5 1
e 4 7 1
e 5 6 1

Support: 37
where: [0, 1, 2, 3, 4, 6, 7, 8, 9, 10, 11, 12, 13, 14, 15, 16, 17, 20, 21, 24, 25, 28, 29, 31, 32, 34, 36, 37, 39, 40, 41, 44, 46, 48, 49, 50, 51]

-----------------

t # 4
v 0 6
v 1 6
v 2 6
v 3 6
v 4 6
v 5 6
v 6 6
v 7 7
e 0 1 1
e 1 2 1
e 2 3 1
e 3 4 1
e 4 5 1
e 5 6 1
e 6 7 1

Support: 35
where: [0, 1, 2, 3, 4, 6, 7, 8, 9, 12, 14, 15, 17, 19, 20, 21, 22, 23, 24, 28, 30, 31, 32, 33, 34, 36, 39, 40, 41, 44, 45, 48, 49, 50, 51]

-----------------

t # 5
v 0 6
v 1 6
v 2 6
v 3 6
v 4 6
v 5 6
v 6 6
v 7 7
v 8 6
e 0 1 1
e 1 2 1
e 2 3 1
e 3 4 1
e 4 5 1
e 5 6 1
e 6 7 1
e 7 8 1

Support: 35
where: [0, 1, 2, 3, 4, 6, 7, 8, 9, 12, 14, 15, 17, 19, 20, 21, 22, 23, 24, 28, 30, 31, 32, 33, 34, 36, 39, 40, 41, 44, 45, 48, 49, 50, 51]

-----------------

t # 6
v 0 6
v 1 6
v 2 6
v 3 6
v 4 6
v 5 6
v 6 6
e 0 1 1
e 1 2 1
e 2 3 1
e 3 4 1
e 3 6 1
e 4 5 1

Support: 45
where: [0, 1, 2, 3, 4, 5, 6, 7, 8, 9, 10, 11, 12, 13, 14, 15, 16, 17, 19, 20, 21, 22, 23, 24, 25, 26, 28, 29, 30, 31, 32, 33, 34, 36, 37, 38, 39, 40, 41, 44, 46, 48, 49, 50, 51]

-----------------

t # 7
v 0 6
v 1 6
v 2 6
v 3 6
v 4 6
v 5 6
v 6 6
e 0 1 1
e 1 2 1
e 2 3 1
e 3 4 1
e 4 5 1
e 4 6 1

Support: 45
where: [0, 1, 2, 3, 4, 5, 6, 7, 8, 9, 10, 11, 12, 13, 14, 15, 16, 17, 19, 20, 21, 22, 23, 24, 25, 26, 28, 29, 30, 31, 32, 33, 34, 36, 37, 38, 39, 40, 41, 44, 46, 48, 49, 50, 51]

-----------------

t # 8
v 0 6
v 1 6
v 2 6
v 3 6
v 4 6
v 5 6
v 6 7
e 0 1 1
e 1 2 1
e 2 3 1
e 3 4 1
e 4 5 1
e 5 6 1

Support: 44
where: [0, 1, 2, 3, 4, 6, 7, 8, 9, 10, 11, 12, 14, 15, 17, 18, 19, 20, 21, 22, 23, 24, 26, 27, 28, 30, 31, 32, 33, 34, 35, 36, 38, 39, 40, 41, 42, 43, 44, 45, 48, 49, 50, 51]

-----------------

t # 9
v 0 6
v 1 6
v 2 6
v 3 6
v 4 6
v 5 6
v 6 7
v 7 6
e 0 1 1
e 1 2 1
e 2 3 1
e 3 4 1
e 4 5 1
e 5 6 1
e 6 7 1

Support: 44
where: [0, 1, 2, 3, 4, 6, 7, 8, 9, 10, 11, 12, 14, 15, 17, 18, 19, 20, 21, 22, 23, 24, 26, 27, 28, 30, 31, 32, 33, 34, 35, 36, 38, 39, 40, 41, 42, 43, 44, 45, 48, 49, 50, 51]

-----------------

t # 10
v 0 6
v 1 6
v 2 6
v 3 6
v 4 6
v 5 6
v 6 7
v 7 6
v 8 6
e 0 1 1
e 1 2 1
e 2 3 1
e 3 4 1
e 4 5 1
e 5 6 1
e 6 7 1
e 7 8 1

Support: 39
where: [0, 1, 2, 3, 4, 6, 7, 8, 9, 10, 11, 12, 14, 15, 17, 19, 20, 21, 22, 23, 24, 26, 28, 30, 31, 32, 33, 35, 36, 39, 40, 41, 42, 43, 44, 45, 48, 49, 50]

-----------------

t # 11
v 0 6
v 1 6
v 2 6
v 3 6
v 4 6
v 5 6
v 6 7
e 0 1 1
e 1 2 1
e 2 3 1
e 3 4 1
e 4 5 1
e 4 6 1

Support: 37
where: [0, 2, 3, 6, 7, 8, 11, 12, 14, 15, 17, 18, 19, 20, 21, 22, 23, 26, 27, 30, 31, 32, 33, 34, 36, 38, 39, 40, 41, 42, 43, 44, 45, 48, 49, 50, 51]

-----------------

t # 12
v 0 6
v 1 6
v 2 6
v 3 6
v 4 6
v 5 6
v 6 7
v 7 6
e 0 1 1
e 1 2 1
e 2 3 1
e 3 4 1
e 4 5 1
e 4 6 1
e 6 7 1

Support: 35
where: [0, 2, 3, 6, 7, 8, 11, 12, 14, 17, 18, 19, 20, 21, 22, 23, 26, 27, 30, 31, 32, 33, 34, 36, 38, 39, 40, 41, 42, 43, 44, 45, 48, 49, 51]

-----------------

t # 13
v 0 6
v 1 6
v 2 6
v 3 6
v 4 6
v 5 6
v 6 7
e 0 1 1
e 1 2 1
e 2 3 1
e 3 4 1
e 3 6 1
e 4 5 1

Support: 37
where: [2, 3, 6, 7, 8, 11, 12, 14, 15, 17, 18, 19, 20, 21, 22, 23, 26, 27, 29, 30, 32, 33, 34, 35, 36, 38, 39, 40, 41, 42, 43, 44, 45, 48, 49, 50, 51]

-----------------

t # 14
v 0 6
v 1 6
v 2 6
v 3 6
v 4 6
v 5 7
v 6 6
e 0 1 1
e 1 2 1
e 2 3 1
e 3 4 1
e 4 5 1
e 5 6 1

Support: 45
where: [0, 1, 2, 3, 4, 5, 6, 7, 8, 9, 10, 11, 12, 14, 15, 17, 18, 19, 20, 21, 22, 23, 24, 26, 27, 28, 30, 31, 32, 33, 34, 35, 36, 38, 39, 40, 41, 42, 43, 44, 45, 48, 49, 50, 51]

-----------------

t # 15
v 0 6
v 1 6
v 2 6
v 3 6
v 4 6
v 5 7
v 6 6
v 7 6
e 0 1 1
e 1 2 1
e 2 3 1
e 3 4 1
e 4 5 1
e 5 6 1
e 6 7 1

Support: 41
where: [0, 1, 2, 3, 4, 5, 6, 7, 8, 9, 10, 11, 12, 14, 15, 17, 18, 19, 20, 21, 22, 23, 24, 26, 28, 30, 31, 32, 33, 35, 36, 39, 40, 41, 42, 43, 44, 45, 48, 49, 50]

-----------------

t # 16
v 0 6
v 1 6
v 2 6
v 3 6
v 4 6
v 5 7
v 6 6
v 7 6
v 8 6
e 0 1 1
e 1 2 1
e 2 3 1
e 3 4 1
e 4 5 1
e 5 6 1
e 6 7 1
e 7 8 1

Support: 38
where: [0, 1, 2, 3, 4, 5, 6, 7, 8, 10, 11, 12, 14, 15, 17, 18, 19, 20, 22, 23, 24, 26, 30, 31, 32, 33, 35, 36, 39, 40, 41, 42, 43, 44, 45, 48, 49, 50]

-----------------

t # 17
v 0 6
v 1 6
v 2 6
v 3 6
v 4 6
v 5 7
v 6 6
e 0 1 1
e 1 2 1
e 2 3 1
e 3 4 1
e 3 5 1
e 5 6 1

Support: 39
where: [0, 2, 3, 5, 6, 7, 8, 11, 12, 14, 15, 17, 18, 19, 20, 21, 22, 23, 26, 27, 30, 31, 32, 33, 34, 35, 36, 38, 39, 40, 41, 42, 43, 44, 45, 48, 49, 50, 51]

-----------------

t # 18
v 0 6
v 1 6
v 2 6
v 3 6
v 4 6
v 5 7
v 6 6
e 0 1 1
e 1 2 1
e 2 3 1
e 2 5 1
e 3 4 1
e 5 6 1

Support: 35
where: [2, 3, 6, 7, 8, 10, 11, 12, 14, 15, 17, 18, 19, 20, 21, 22, 23, 26, 27, 30, 32, 33, 34, 36, 38, 39, 40, 41, 42, 43, 44, 45, 48, 49, 51]

-----------------

t # 19
v 0 6
v 1 6
v 2 6
v 3 6
v 4 7
v 5 6
v 6 6
e 0 1 1
e 1 2 1
e 2 3 1
e 3 4 1
e 4 5 1
e 5 6 1

Support: 43
where: [0, 1, 2, 3, 4, 5, 6, 7, 8, 9, 10, 11, 12, 14, 15, 17, 18, 19, 20, 21, 22, 23, 24, 26, 27, 28, 30, 31, 32, 33, 35, 36, 38, 39, 40, 41, 42, 43, 44, 45, 48, 49, 50]

-----------------

t # 20
v 0 6
v 1 6
v 2 6
v 3 6
v 4 7
v 5 6
v 6 6
v 7 6
e 0 1 1
e 1 2 1
e 2 3 1
e 3 4 1
e 4 5 1
e 5 6 1
e 6 7 1

Support: 39
where: [0, 1, 2, 3, 4, 5, 6, 7, 8, 10, 11, 12, 14, 15, 17, 18, 19, 20, 22, 23, 24, 26, 27, 30, 31, 32, 33, 35, 36, 39, 40, 41, 42, 43, 44, 45, 48, 49, 50]

-----------------

t # 21
v 0 6
v 1 6
v 2 6
v 3 6
v 4 7
v 5 6
v 6 6
e 0 1 1
e 1 2 1
e 2 3 1
e 2 4 1
e 4 5 1
e 5 6 1

Support: 35
where: [0, 2, 3, 5, 6, 7, 8, 10, 11, 12, 14, 15, 17, 19, 20, 22, 23, 26, 30, 31, 32, 33, 35, 36, 38, 39, 40, 41, 42, 43, 44, 45, 48, 49, 50]

-----------------

t # 22
v 0 6
v 1 6
v 2 6
v 3 7
v 4 6
v 5 6
v 6 6
e 0 1 1
e 1 2 1
e 2 3 1
e 3 4 1
e 4 5 1
e 5 6 1

Support: 40
where: [0, 1, 2, 3, 4, 5, 6, 7, 8, 10, 11, 12, 14, 15, 17, 18, 19, 20, 21, 22, 23, 24, 26, 27, 30, 31, 32, 33, 35, 36, 39, 40, 41, 42, 43, 44, 45, 48, 49, 50]

-----------------

Read:	0.01 s
Mine:	0.67 s
Total:	0.68 s
