t # 0
v 0 6
v 1 6
v 2 6
v 3 6
v 4 7
v 5 6
v 6 6
e 0 1 1
e 1 2 1
e 2 3 1
e 3 4 1
e 4 5 1
e 5 6 1

Support: 45
where: [0, 1, 2, 3, 4, 5, 6, 7, 8, 9, 10, 11, 12, 13, 14, 15, 16, 17, 18, 19, 20, 21, 22, 23, 24, 25, 26, 27, 28, 29, 30, 31, 32, 33, 35, 36, 43, 44, 45, 46, 48, 49, 50, 51, 52]

-----------------

t # 1
v 0 6
v 1 6
v 2 6
v 3 6
v 4 7
v 5 6
v 6 6
v 7 6
e 0 1 1
e 1 2 1
e 2 3 1
e 3 4 1
e 4 5 1
e 5 6 1
e 6 7 1

Support: 39
where: [0, 3, 4, 5, 6, 7, 8, 9, 10, 12, 13, 14, 15, 16, 17, 18, 19, 20, 21, 22, 23, 24, 25, 26, 27, 28, 29, 30, 31, 32, 33, 35, 43, 44, 45, 46, 48, 50, 51]

-----------------

t # 2
v 0 6
v 1 6
v 2 6
v 3 6
v 4 7
v 5 6
v 6 6
e 0 1 1
e 1 2 1
e 2 3 1
e 2 6 1
e 3 4 1
e 4 5 1

Support: 37
where: [0, 1, 2, 3, 4, 5, 6, 7, 9, 10, 12, 13, 14, 16, 17, 18, 19, 20, 21, 22, 24, 25, 26, 27, 28, 29, 30, 31, 32, 44, 45, 46, 48, 49, 50, 51, 52]

-----------------

t # 3
v 0 6
v 1 6
v 2 6
v 3 6
v 4 6
v 5 7
v 6 6
e 0 1 1
e 1 2 1
e 2 3 1
e 3 4 1
e 4 5 1
e 5 6 1

Support: 44
where: [0, 1, 2, 3, 4, 5, 6, 7, 8, 9, 10, 11, 12, 13, 14, 15, 16, 17, 18, 19, 20, 21, 22, 23, 24, 25, 26, 27, 28, 29, 30, 31, 32, 33, 35, 43, 44, 45, 46, 48, 49, 50, 51, 52]

-----------------

t # 4
v 0 6
v 1 6
v 2 6
v 3 6
v 4 6
v 5 7
v 6 6
v 7 6
e 0 1 1
e 1 2 1
e 2 3 1
e 3 4 1
e 4 5 1
e 5 6 1
e 6 7 1

Support: 42
where: [0, 1, 3, 4, 5, 6, 7, 8, 9, 10, 11, 12, 13, 14, 15, 17, 18, 19, 20, 21, 22, 23, 24, 25, 26, 27, 28, 29, 30, 31, 32, 33, 35, 43, 44, 45, 46, 48, 49, 50, 51, 52]

-----------------

t # 5
v 0 6
v 1 6
v 2 6
v 3 6
v 4 6
v 5 7
v 6 6
v 7 6
v 8 6
e 0 1 1
e 1 2 1
e 2 3 1
e 3 4 1
e 4 5 1
e 5 6 1
e 6 7 1
e 7 8 1

Support: 38
where: [0, 3, 4, 5, 6, 7, 8, 9, 10, 12, 13, 14, 15, 17, 18, 19, 20, 21, 22, 23, 24, 25, 26, 27, 28, 29, 30, 31, 32, 33, 35, 43, 44, 45, 46, 48, 50, 51]

-----------------

t # 6
v 0 6
v 1 6
v 2 6
v 3 6
v 4 6
v 5 7
v 6 6
e 0 1 1
e 1 2 1
e 2 3 1
e 3 4 1
e 3 6 1
e 4 5 1

Support: 37
where: [0, 1, 2, 3, 4, 5, 6, 7, 9, 10, 13, 14, 16, 17, 18, 19, 20, 21, 22, 24, 25, 26, 27, 28, 29, 30, 31, 32, 36, 44, 45, 46, 48, 49, 50, 51, 52]

-----------------

t # 7
v 0 6
v 1 6
v 2 6
v 3 6
v 4 6
v 5 6
v 6 6
e 0 1 1
e 0 5 1
e 1 2 1
e 2 3 1
e 3 4 1
e 4 5 1
e 5 6 1

Support: 39
where: [0, 1, 2, 3, 4, 5, 6, 7, 8, 9, 10, 11, 13, 14, 17, 18, 19, 20, 21, 22, 24, 26, 27, 28, 29, 30, 34, 35, 38, 40, 41, 44, 45, 46, 48, 49, 50, 51, 52]

-----------------

t # 8
v 0 6
v 1 6
v 2 6
v 3 6
v 4 6
v 5 6
v 6 6
e 0 1 1
e 1 2 1
e 2 3 1
e 3 4 1
e 3 6 1
e 4 5 1

Support: 45
where: [0, 1, 2, 3, 4, 5, 6, 7, 8, 9, 10, 11, 12, 13, 14, 16, 17, 18, 19, 20, 21, 22, 24, 26, 27, 28, 29, 30, 31, 32, 34, 35, 36, 38, 39, 40, 41, 44, 45, 46, 48, 49, 50, 51, 52]

-----------------

t # 9
v 0 6
v 1 6
v 2 6
v 3 6
v 4 6
v 5 6
v 6 6
e 0 1 1
e 1 2 1
e 2 3 1
e 3 4 1
e 4 5 1
e 5 6 1

Support: 42
where: [0, 1, 2, 3, 4, 5, 6, 7, 8, 9, 10, 11, 13, 14, 17, 18, 19, 20, 21, 22, 24, 26, 27, 28, 29, 30, 32, 34, 35, 38, 39, 40, 41, 44, 45, 46, 47, 48, 49, 50, 51, 52]

-----------------

t # 10
v 0 6
v 1 6
v 2 6
v 3 6
v 4 6
v 5 6
v 6 6
v 7 7
e 0 1 1
e 1 2 1
e 2 3 1
e 3 4 1
e 4 5 1
e 5 6 1
e 6 7 1

Support: 35
where: [0, 1, 2, 3, 4, 5, 6, 7, 9, 10, 11, 13, 14, 17, 18, 19, 20, 21, 22, 24, 26, 27, 28, 29, 30, 32, 35, 44, 45, 46, 48, 49, 50, 51, 52]

-----------------

t # 11
v 0 6
v 1 6
v 2 6
v 3 6
v 4 6
v 5 6
v 6 7
e 0 1 1
e 1 2 1
e 2 3 1
e 3 4 1
e 4 5 1
e 5 6 1

Support: 40
where: [0, 1, 2, 3, 4, 5, 6, 7, 8, 9, 10, 11, 12, 13, 14, 16, 17, 18, 19, 20, 21, 22, 24, 26, 27, 28, 29, 30, 31, 32, 35, 43, 44, 45, 46, 48, 49, 50, 51, 52]

-----------------

t # 12
v 0 6
v 1 6
v 2 6
v 3 6
v 4 6
v 5 6
v 6 7
v 7 6
e 0 1 1
e 1 2 1
e 2 3 1
e 3 4 1
e 4 5 1
e 5 6 1
e 6 7 1

Support: 39
where: [0, 1, 2, 3, 4, 5, 6, 7, 8, 9, 10, 11, 12, 13, 14, 16, 17, 18, 19, 20, 21, 22, 24, 26, 27, 28, 29, 30, 31, 32, 35, 43, 45, 46, 48, 49, 50, 51, 52]

-----------------

t # 13
v 0 6
v 1 6
v 2 6
v 3 6
v 4 6
v 5 6
v 6 7
v 7 6
v 8 6
e 0 1 1
e 1 2 1
e 2 3 1
e 3 4 1
e 4 5 1
e 5 6 1
e 6 7 1
e 7 8 1

Support: 37
where: [0, 1, 3, 4, 5, 6, 7, 8, 9, 10, 11, 12, 13, 14, 17, 18, 19, 20, 21, 22, 24, 26, 27, 28, 29, 30, 31, 32, 35, 43, 45, 46, 48, 49, 50, 51, 52]

-----------------

t # 14
v 0 6
v 1 6
v 2 6
v 3 6
v 4 6
v 5 6
v 6 6
e 0 1 1
e 1 2 1
e 2 3 1
e 3 4 1
e 4 5 1
e 4 6 1

Support: 42
where: [0, 1, 2, 3, 4, 5, 6, 7, 8, 9, 10, 11, 13, 14, 17, 18, 19, 20, 21, 22, 24, 26, 27, 28, 29, 30, 31, 32, 34, 35, 38, 39, 40, 41, 44, 45, 46, 48, 49, 50, 51, 52]

-----------------

t # 15
v 0 6
v 1 6
v 2 6
v 3 7
v 4 6
v 5 6
v 6 6
e 0 1 1
e 1 2 1
e 2 3 1
e 3 4 1
e 4 5 1
e 5 6 1

Support: 39
where: [0, 3, 4, 5, 6, 7, 8, 9, 10, 12, 13, 14, 15, 16, 17, 18, 19, 20, 21, 22, 23, 24, 25, 26, 27, 28, 29, 30, 31, 32, 33, 35, 43, 44, 45, 46, 48, 50, 51]

-----------------

Read:	0.01 s
Mine:	0.72 s
Total:	0.73 s
